[940, 0]
[940, 1]
[5, 2]
[105, 2]
[204, 2]
[321, 2]
[421, 2]
[520, 2]
[638, 2]
[738, 2]
[837, 2]
[940, 2]
[5, 3]
[105, 3]
[204, 3]
[321, 3]
[421, 3]
[520, 3]
[638, 3]
[738, 3]
[837, 3]
[940, 3]
[5, 4]
[105, 4]
[204, 4]
[321, 4]
[421, 4]
[520, 4]
[638, 4]
[738, 4]
[837, 4]
[940, 4]
[5, 5]
[105, 5]
[204, 5]
[321, 5]
[421, 5]
[520, 5]
[638, 5]
[738, 5]
[837, 5]
[940, 5]
[5, 6]
[105, 6]
[204, 6]
[321, 6]
[421, 6]
[520, 6]
[638, 6]
[738, 6]
[837, 6]
[940, 6]
[5, 7]
[105, 7]
[204, 7]
[321, 7]
[421, 7]
[520, 7]
[638, 7]
[738, 7]
[837, 7]
[940, 7]
[5, 8]
[105, 8]
[204, 8]
[321, 8]
[421, 8]
[520, 8]
[638, 8]
[738, 8]
[837, 8]
[940, 8]
[5, 9]
[105, 9]
[204, 9]
[321, 9]
[421, 9]
[520, 9]
[638, 9]
[738, 9]
[837, 9]
[940, 9]
[5, 10]
[105, 10]
[204, 10]
[321, 10]
[421, 10]
[520, 10]
[638, 10]
[738, 10]
[837, 10]
[940, 10]
[5, 11]
[105, 11]
[204, 11]
[321, 11]
[421, 11]
[520, 11]
[638, 11]
[738, 11]
[837, 11]
[940, 11]
[5, 12]
[105, 12]
[204, 12]
[321, 12]
[421, 12]
[520, 12]
[638, 12]
[738, 12]
[837, 12]
[940, 12]
[5, 13]
[105, 13]
[204, 13]
[321, 13]
[421, 13]
[520, 13]
[638, 13]
[738, 13]
[837, 13]
[940, 13]
[5, 14]
[105, 14]
[204, 14]
[321, 14]
[421, 14]
[520, 14]
[638, 14]
[738, 14]
[837, 14]
[940, 14]
[5, 15]
[105, 15]
[204, 15]
[321, 15]
[421, 15]
[520, 15]
[638, 15]
[738, 15]
[837, 15]
[940, 15]
[5, 16]
[105, 16]
[204, 16]
[321, 16]
[421, 16]
[520, 16]
[638, 16]
[738, 16]
[837, 16]
[940, 16]
[5, 17]
[105, 17]
[204, 17]
[321, 17]
[421, 17]
[520, 17]
[638, 17]
[738, 17]
[837, 17]
[940, 17]
[5, 18]
[105, 18]
[204, 18]
[321, 18]
[421, 18]
[520, 18]
[638, 18]
[738, 18]
[837, 18]
[940, 18]
[5, 19]
[105, 19]
[204, 19]
[321, 19]
[421, 19]
[520, 19]
[638, 19]
[738, 19]
[837, 19]
[940, 19]
[5, 20]
[105, 20]
[204, 20]
[321, 20]
[421, 20]
[520, 20]
[638, 20]
[738, 20]
[837, 20]
[940, 20]
[5, 21]
[105, 21]
[204, 21]
[321, 21]
[421, 21]
[520, 21]
[638, 21]
[738, 21]
[837, 21]
[940, 21]
[5, 22]
[105, 22]
[204, 22]
[321, 22]
[421, 22]
[520, 22]
[638, 22]
[738, 22]
[837, 22]
[940, 22]
[5, 23]
[105, 23]
[204, 23]
[321, 23]
[421, 23]
[520, 23]
[638, 23]
[738, 23]
[837, 23]
[940, 23]
[5, 24]
[105, 24]
[204, 24]
[321, 24]
[421, 24]
[520, 24]
[638, 24]
[738, 24]
[837, 24]
[940, 24]
[5, 25]
[105, 25]
[204, 25]
[321, 25]
[421, 25]
[520, 25]
[638, 25]
[738, 25]
[837, 25]
[940, 25]
[5, 26]
[105, 26]
[204, 26]
[321, 26]
[421, 26]
[520, 26]
[638, 26]
[738, 26]
[837, 26]
[940, 26]
[5, 27]
[105, 27]
[204, 27]
[321, 27]
[421, 27]
[520, 27]
[638, 27]
[738, 27]
[837, 27]
[940, 27]
[5, 28]
[105, 28]
[204, 28]
[321, 28]
[421, 28]
[520, 28]
[638, 28]
[738, 28]
[837, 28]
[940, 28]
[5, 29]
[105, 29]
[204, 29]
[321, 29]
[421, 29]
[520, 29]
[638, 29]
[738, 29]
[837, 29]
[940, 29]
[5, 30]
[105, 30]
[204, 30]
[321, 30]
[421, 30]
[520, 30]
[638, 30]
[738, 30]
[837, 30]
[940, 30]
[5, 31]
[105, 31]
[204, 31]
[321, 31]
[421, 31]
[520, 31]
[638, 31]
[738, 31]
[837, 31]
[940, 31]
[5, 32]
[105, 32]
[204, 32]
[321, 32]
[421, 32]
[520, 32]
[638, 32]
[738, 32]
[837, 32]
[940, 32]
[5, 33]
[105, 33]
[204, 33]
[321, 33]
[421, 33]
[520, 33]
[638, 33]
[738, 33]
[837, 33]
[940, 33]
[5, 34]
[105, 34]
[204, 34]
[321, 34]
[421, 34]
[520, 34]
[638, 34]
[738, 34]
[837, 34]
[940, 34]
[5, 35]
[105, 35]
[204, 35]
[321, 35]
[421, 35]
[520, 35]
[638, 35]
[738, 35]
[837, 35]
[940, 35]
[5, 36]
[105, 36]
[204, 36]
[321, 36]
[421, 36]
[520, 36]
[638, 36]
[738, 36]
[837, 36]
[940, 36]
[5, 37]
[105, 37]
[204, 37]
[321, 37]
[421, 37]
[520, 37]
[638, 37]
[738, 37]
[837, 37]
[940, 37]
[5, 38]
[105, 38]
[204, 38]
[321, 38]
[421, 38]
[520, 38]
[638, 38]
[738, 38]
[837, 38]
[940, 38]
[5, 39]
[105, 39]
[204, 39]
[321, 39]
[421, 39]
[520, 39]
[638, 39]
[738, 39]
[837, 39]
[940, 39]
[5, 40]
[105, 40]
[204, 40]
[321, 40]
[421, 40]
[520, 40]
[638, 40]
[738, 40]
[837, 40]
[940, 40]
[5, 41]
[105, 41]
[204, 41]
[321, 41]
[421, 41]
[520, 41]
[638, 41]
[738, 41]
[837, 41]
[940, 41]
[5, 42]
[105, 42]
[204, 42]
[321, 42]
[421, 42]
[520, 42]
[638, 42]
[738, 42]
[837, 42]
[940, 42]
[5, 43]
[105, 43]
[204, 43]
[321, 43]
[421, 43]
[520, 43]
[638, 43]
[738, 43]
[837, 43]
[940, 43]
[5, 44]
[105, 44]
[204, 44]
[321, 44]
[421, 44]
[520, 44]
[638, 44]
[738, 44]
[837, 44]
[940, 44]
[5, 45]
[105, 45]
[204, 45]
[321, 45]
[421, 45]
[520, 45]
[638, 45]
[738, 45]
[837, 45]
[940, 45]
[5, 46]
[105, 46]
[204, 46]
[321, 46]
[421, 46]
[520, 46]
[638, 46]
[738, 46]
[837, 46]
[940, 46]
[5, 47]
[105, 47]
[204, 47]
[321, 47]
[421, 47]
[520, 47]
[638, 47]
[738, 47]
[837, 47]
[940, 47]
[5, 48]
[105, 48]
[204, 48]
[321, 48]
[421, 48]
[520, 48]
[638, 48]
[738, 48]
[837, 48]
[940, 48]
[5, 49]
[105, 49]
[204, 49]
[321, 49]
[421, 49]
[520, 49]
[638, 49]
[738, 49]
[837, 49]
[940, 49]
[5, 50]
[105, 50]
[204, 50]
[321, 50]
[421, 50]
[520, 50]
[638, 50]
[738, 50]
[837, 50]
[940, 50]
[5, 51]
[105, 51]
[204, 51]
[321, 51]
[421, 51]
[520, 51]
[638, 51]
[738, 51]
[837, 51]
[940, 51]
[5, 52]
[105, 52]
[204, 52]
[321, 52]
[421, 52]
[520, 52]
[638, 52]
[738, 52]
[837, 52]
[940, 52]
[5, 53]
[105, 53]
[204, 53]
[321, 53]
[421, 53]
[520, 53]
[638, 53]
[738, 53]
[837, 53]
[940, 53]
[5, 54]
[105, 54]
[204, 54]
[321, 54]
[421, 54]
[520, 54]
[638, 54]
[738, 54]
[837, 54]
[940, 54]
[5, 55]
[105, 55]
[204, 55]
[321, 55]
[421, 55]
[520, 55]
[638, 55]
[738, 55]
[837, 55]
[940, 55]
[5, 56]
[105, 56]
[204, 56]
[321, 56]
[421, 56]
[520, 56]
[638, 56]
[738, 56]
[837, 56]
[940, 56]
[5, 57]
[105, 57]
[204, 57]
[321, 57]
[421, 57]
[520, 57]
[638, 57]
[738, 57]
[837, 57]
[940, 57]
[5, 58]
[105, 58]
[204, 58]
[321, 58]
[421, 58]
[520, 58]
[638, 58]
[738, 58]
[837, 58]
[940, 58]
[5, 59]
[105, 59]
[204, 59]
[321, 59]
[421, 59]
[520, 59]
[638, 59]
[738, 59]
[837, 59]
[940, 59]
[5, 60]
[105, 60]
[204, 60]
[321, 60]
[421, 60]
[520, 60]
[638, 60]
[738, 60]
[837, 60]
[940, 60]
[5, 61]
[105, 61]
[204, 61]
[321, 61]
[421, 61]
[520, 61]
[638, 61]
[738, 61]
[837, 61]
[940, 61]
[5, 62]
[105, 62]
[204, 62]
[321, 62]
[421, 62]
[520, 62]
[638, 62]
[738, 62]
[837, 62]
[940, 62]
[5, 63]
[105, 63]
[204, 63]
[321, 63]
[421, 63]
[520, 63]
[638, 63]
[738, 63]
[837, 63]
[940, 63]
[940, 64]
[940, 65]
[940, 66]
[940, 67]
[5, 68]
[105, 68]
[204, 68]
[321, 68]
[421, 68]
[520, 68]
[638, 68]
[738, 68]
[837, 68]
[940, 68]
[5, 69]
[105, 69]
[204, 69]
[321, 69]
[421, 69]
[520, 69]
[638, 69]
[738, 69]
[837, 69]
[940, 69]
[5, 70]
[105, 70]
[204, 70]
[321, 70]
[421, 70]
[520, 70]
[638, 70]
[738, 70]
[837, 70]
[940, 70]
[5, 71]
[105, 71]
[204, 71]
[321, 71]
[421, 71]
[520, 71]
[638, 71]
[738, 71]
[837, 71]
[940, 71]
[5, 72]
[105, 72]
[204, 72]
[321, 72]
[421, 72]
[520, 72]
[638, 72]
[738, 72]
[837, 72]
[940, 72]
[5, 73]
[105, 73]
[204, 73]
[321, 73]
[421, 73]
[520, 73]
[638, 73]
[738, 73]
[837, 73]
[940, 73]
[5, 74]
[105, 74]
[204, 74]
[321, 74]
[421, 74]
[520, 74]
[638, 74]
[738, 74]
[837, 74]
[940, 74]
[5, 75]
[105, 75]
[204, 75]
[321, 75]
[421, 75]
[520, 75]
[638, 75]
[738, 75]
[837, 75]
[940, 75]
[5, 76]
[105, 76]
[204, 76]
[321, 76]
[421, 76]
[520, 76]
[638, 76]
[738, 76]
[837, 76]
[940, 76]
[5, 77]
[105, 77]
[204, 77]
[321, 77]
[421, 77]
[520, 77]
[638, 77]
[738, 77]
[837, 77]
[940, 77]
[5, 78]
[105, 78]
[204, 78]
[321, 78]
[421, 78]
[520, 78]
[638, 78]
[738, 78]
[837, 78]
[940, 78]
[5, 79]
[105, 79]
[204, 79]
[321, 79]
[421, 79]
[520, 79]
[638, 79]
[738, 79]
[837, 79]
[940, 79]
[5, 80]
[105, 80]
[204, 80]
[321, 80]
[421, 80]
[520, 80]
[638, 80]
[738, 80]
[837, 80]
[940, 80]
[5, 81]
[105, 81]
[204, 81]
[321, 81]
[421, 81]
[520, 81]
[638, 81]
[738, 81]
[837, 81]
[940, 81]
[5, 82]
[105, 82]
[204, 82]
[321, 82]
[421, 82]
[520, 82]
[638, 82]
[738, 82]
[837, 82]
[940, 82]
[5, 83]
[105, 83]
[204, 83]
[321, 83]
[421, 83]
[520, 83]
[638, 83]
[738, 83]
[837, 83]
[940, 83]
[5, 84]
[105, 84]
[204, 84]
[321, 84]
[421, 84]
[520, 84]
[638, 84]
[738, 84]
[837, 84]
[940, 84]
[5, 85]
[105, 85]
[204, 85]
[321, 85]
[421, 85]
[520, 85]
[638, 85]
[738, 85]
[837, 85]
[940, 85]
[5, 86]
[105, 86]
[204, 86]
[321, 86]
[421, 86]
[520, 86]
[638, 86]
[738, 86]
[837, 86]
[940, 86]
[5, 87]
[105, 87]
[204, 87]
[321, 87]
[421, 87]
[520, 87]
[638, 87]
[738, 87]
[837, 87]
[940, 87]
[5, 88]
[105, 88]
[204, 88]
[321, 88]
[421, 88]
[520, 88]
[638, 88]
[738, 88]
[837, 88]
[940, 88]
[5, 89]
[105, 89]
[204, 89]
[321, 89]
[421, 89]
[520, 89]
[638, 89]
[738, 89]
[837, 89]
[940, 89]
[5, 90]
[105, 90]
[204, 90]
[321, 90]
[421, 90]
[520, 90]
[638, 90]
[738, 90]
[837, 90]
[940, 90]
[5, 91]
[105, 91]
[204, 91]
[321, 91]
[421, 91]
[520, 91]
[638, 91]
[738, 91]
[837, 91]
[940, 91]
[5, 92]
[105, 92]
[204, 92]
[321, 92]
[421, 92]
[520, 92]
[638, 92]
[738, 92]
[837, 92]
[940, 92]
[5, 93]
[105, 93]
[204, 93]
[321, 93]
[421, 93]
[520, 93]
[638, 93]
[738, 93]
[837, 93]
[940, 93]
[5, 94]
[105, 94]
[204, 94]
[321, 94]
[421, 94]
[520, 94]
[638, 94]
[738, 94]
[837, 94]
[940, 94]
[5, 95]
[105, 95]
[204, 95]
[321, 95]
[421, 95]
[520, 95]
[638, 95]
[738, 95]
[837, 95]
[940, 95]
[5, 96]
[105, 96]
[204, 96]
[321, 96]
[421, 96]
[520, 96]
[638, 96]
[738, 96]
[837, 96]
[940, 96]
[5, 97]
[105, 97]
[204, 97]
[321, 97]
[421, 97]
[520, 97]
[638, 97]
[738, 97]
[837, 97]
[940, 97]
[5, 98]
[105, 98]
[204, 98]
[321, 98]
[421, 98]
[520, 98]
[638, 98]
[738, 98]
[837, 98]
[940, 98]
[5, 99]
[105, 99]
[204, 99]
[321, 99]
[421, 99]
[520, 99]
[638, 99]
[738, 99]
[837, 99]
[940, 99]
[5, 100]
[105, 100]
[204, 100]
[321, 100]
[421, 100]
[520, 100]
[638, 100]
[738, 100]
[837, 100]
[940, 100]
[5, 101]
[105, 101]
[204, 101]
[321, 101]
[421, 101]
[520, 101]
[638, 101]
[738, 101]
[837, 101]
[940, 101]
[5, 102]
[105, 102]
[204, 102]
[321, 102]
[421, 102]
[520, 102]
[638, 102]
[738, 102]
[837, 102]
[940, 102]
[5, 103]
[105, 103]
[204, 103]
[321, 103]
[421, 103]
[520, 103]
[638, 103]
[738, 103]
[837, 103]
[940, 103]
[5, 104]
[105, 104]
[204, 104]
[321, 104]
[421, 104]
[520, 104]
[638, 104]
[738, 104]
[837, 104]
[940, 104]
[5, 105]
[105, 105]
[204, 105]
[321, 105]
[421, 105]
[520, 105]
[638, 105]
[738, 105]
[837, 105]
[940, 105]
[5, 106]
[105, 106]
[204, 106]
[321, 106]
[421, 106]
[520, 106]
[638, 106]
[738, 106]
[837, 106]
[940, 106]
[5, 107]
[105, 107]
[204, 107]
[321, 107]
[421, 107]
[520, 107]
[638, 107]
[738, 107]
[837, 107]
[940, 107]
[5, 108]
[105, 108]
[204, 108]
[321, 108]
[421, 108]
[520, 108]
[638, 108]
[738, 108]
[837, 108]
[940, 108]
[5, 109]
[105, 109]
[204, 109]
[321, 109]
[421, 109]
[520, 109]
[638, 109]
[738, 109]
[837, 109]
[940, 109]
[5, 110]
[105, 110]
[204, 110]
[321, 110]
[421, 110]
[520, 110]
[638, 110]
[738, 110]
[837, 110]
[940, 110]
[5, 111]
[105, 111]
[204, 111]
[321, 111]
[421, 111]
[520, 111]
[638, 111]
[738, 111]
[837, 111]
[940, 111]
[5, 112]
[105, 112]
[204, 112]
[321, 112]
[421, 112]
[520, 112]
[638, 112]
[738, 112]
[837, 112]
[940, 112]
[5, 113]
[105, 113]
[204, 113]
[321, 113]
[421, 113]
[520, 113]
[638, 113]
[738, 113]
[837, 113]
[940, 113]
[5, 114]
[105, 114]
[204, 114]
[321, 114]
[421, 114]
[520, 114]
[638, 114]
[738, 114]
[837, 114]
[940, 114]
[5, 115]
[105, 115]
[204, 115]
[321, 115]
[421, 115]
[520, 115]
[638, 115]
[738, 115]
[837, 115]
[940, 115]
[5, 116]
[105, 116]
[204, 116]
[321, 116]
[421, 116]
[520, 116]
[638, 116]
[738, 116]
[837, 116]
[940, 116]
[5, 117]
[105, 117]
[204, 117]
[321, 117]
[421, 117]
[520, 117]
[638, 117]
[738, 117]
[837, 117]
[940, 117]
[5, 118]
[105, 118]
[204, 118]
[321, 118]
[421, 118]
[520, 118]
[638, 118]
[738, 118]
[837, 118]
[940, 118]
[5, 119]
[105, 119]
[204, 119]
[321, 119]
[421, 119]
[520, 119]
[638, 119]
[738, 119]
[837, 119]
[940, 119]
[5, 120]
[105, 120]
[204, 120]
[321, 120]
[421, 120]
[520, 120]
[638, 120]
[738, 120]
[837, 120]
[940, 120]
[5, 121]
[105, 121]
[204, 121]
[321, 121]
[421, 121]
[520, 121]
[638, 121]
[738, 121]
[837, 121]
[940, 121]
[5, 122]
[105, 122]
[204, 122]
[321, 122]
[421, 122]
[520, 122]
[638, 122]
[738, 122]
[837, 122]
[940, 122]
[5, 123]
[105, 123]
[204, 123]
[321, 123]
[421, 123]
[520, 123]
[638, 123]
[738, 123]
[837, 123]
[940, 123]
[5, 124]
[105, 124]
[204, 124]
[321, 124]
[421, 124]
[520, 124]
[638, 124]
[738, 124]
[837, 124]
[940, 124]
[5, 125]
[105, 125]
[204, 125]
[321, 125]
[421, 125]
[520, 125]
[638, 125]
[738, 125]
[837, 125]
[940, 125]
[5, 126]
[105, 126]
[204, 126]
[321, 126]
[421, 126]
[520, 126]
[638, 126]
[738, 126]
[837, 126]
[940, 126]
[5, 127]
[105, 127]
[204, 127]
[321, 127]
[421, 127]
[520, 127]
[638, 127]
[738, 127]
[837, 127]
[940, 127]
[5, 128]
[105, 128]
[204, 128]
[321, 128]
[421, 128]
[520, 128]
[638, 128]
[738, 128]
[837, 128]
[940, 128]
[5, 129]
[105, 129]
[204, 129]
[321, 129]
[421, 129]
[520, 129]
[638, 129]
[738, 129]
[837, 129]
[940, 129]
[940, 130]
[940, 131]
[940, 132]
[940, 133]
[5, 134]
[105, 134]
[204, 134]
[321, 134]
[421, 134]
[520, 134]
[638, 134]
[738, 134]
[837, 134]
[940, 134]
[5, 135]
[105, 135]
[204, 135]
[321, 135]
[421, 135]
[520, 135]
[638, 135]
[738, 135]
[837, 135]
[940, 135]
[5, 136]
[105, 136]
[204, 136]
[321, 136]
[421, 136]
[520, 136]
[638, 136]
[738, 136]
[837, 136]
[940, 136]
[5, 137]
[105, 137]
[204, 137]
[321, 137]
[421, 137]
[520, 137]
[638, 137]
[738, 137]
[837, 137]
[940, 137]
[5, 138]
[105, 138]
[204, 138]
[321, 138]
[421, 138]
[520, 138]
[638, 138]
[738, 138]
[837, 138]
[940, 138]
[5, 139]
[105, 139]
[204, 139]
[321, 139]
[421, 139]
[520, 139]
[638, 139]
[738, 139]
[837, 139]
[940, 139]
[5, 140]
[105, 140]
[204, 140]
[321, 140]
[421, 140]
[520, 140]
[638, 140]
[738, 140]
[837, 140]
[940, 140]
[5, 141]
[105, 141]
[204, 141]
[321, 141]
[421, 141]
[520, 141]
[638, 141]
[738, 141]
[837, 141]
[940, 141]
[5, 142]
[105, 142]
[204, 142]
[321, 142]
[421, 142]
[520, 142]
[638, 142]
[738, 142]
[837, 142]
[940, 142]
[5, 143]
[105, 143]
[204, 143]
[321, 143]
[421, 143]
[520, 143]
[638, 143]
[738, 143]
[837, 143]
[940, 143]
[5, 144]
[105, 144]
[204, 144]
[321, 144]
[421, 144]
[520, 144]
[638, 144]
[738, 144]
[837, 144]
[940, 144]
[5, 145]
[105, 145]
[204, 145]
[321, 145]
[421, 145]
[520, 145]
[638, 145]
[738, 145]
[837, 145]
[940, 145]
[5, 146]
[105, 146]
[204, 146]
[321, 146]
[421, 146]
[520, 146]
[638, 146]
[738, 146]
[837, 146]
[940, 146]
[5, 147]
[105, 147]
[204, 147]
[321, 147]
[421, 147]
[520, 147]
[638, 147]
[738, 147]
[837, 147]
[940, 147]
[5, 148]
[105, 148]
[204, 148]
[321, 148]
[421, 148]
[520, 148]
[638, 148]
[738, 148]
[837, 148]
[940, 148]
[5, 149]
[105, 149]
[204, 149]
[321, 149]
[421, 149]
[520, 149]
[638, 149]
[738, 149]
[837, 149]
[940, 149]
[5, 150]
[105, 150]
[204, 150]
[321, 150]
[421, 150]
[520, 150]
[638, 150]
[738, 150]
[837, 150]
[940, 150]
[5, 151]
[105, 151]
[204, 151]
[321, 151]
[421, 151]
[520, 151]
[638, 151]
[738, 151]
[837, 151]
[940, 151]
[5, 152]
[105, 152]
[204, 152]
[321, 152]
[421, 152]
[520, 152]
[638, 152]
[738, 152]
[837, 152]
[940, 152]
[5, 153]
[105, 153]
[204, 153]
[321, 153]
[421, 153]
[520, 153]
[638, 153]
[738, 153]
[837, 153]
[940, 153]
[5, 154]
[105, 154]
[204, 154]
[321, 154]
[421, 154]
[520, 154]
[638, 154]
[738, 154]
[837, 154]
[940, 154]
[5, 155]
[105, 155]
[204, 155]
[321, 155]
[421, 155]
[520, 155]
[638, 155]
[738, 155]
[837, 155]
[940, 155]
[5, 156]
[105, 156]
[204, 156]
[321, 156]
[421, 156]
[520, 156]
[638, 156]
[738, 156]
[837, 156]
[940, 156]
[5, 157]
[105, 157]
[204, 157]
[321, 157]
[421, 157]
[520, 157]
[638, 157]
[738, 157]
[837, 157]
[940, 157]
[5, 158]
[105, 158]
[204, 158]
[321, 158]
[421, 158]
[520, 158]
[638, 158]
[738, 158]
[837, 158]
[940, 158]
[5, 159]
[105, 159]
[204, 159]
[321, 159]
[421, 159]
[520, 159]
[638, 159]
[738, 159]
[837, 159]
[940, 159]
[5, 160]
[105, 160]
[204, 160]
[321, 160]
[421, 160]
[520, 160]
[638, 160]
[738, 160]
[837, 160]
[940, 160]
[5, 161]
[105, 161]
[204, 161]
[321, 161]
[421, 161]
[520, 161]
[638, 161]
[738, 161]
[837, 161]
[940, 161]
[5, 162]
[105, 162]
[204, 162]
[321, 162]
[421, 162]
[520, 162]
[638, 162]
[738, 162]
[837, 162]
[940, 162]
[5, 163]
[105, 163]
[204, 163]
[321, 163]
[421, 163]
[520, 163]
[638, 163]
[738, 163]
[837, 163]
[940, 163]
[5, 164]
[105, 164]
[204, 164]
[321, 164]
[421, 164]
[520, 164]
[638, 164]
[738, 164]
[837, 164]
[940, 164]
[5, 165]
[105, 165]
[204, 165]
[321, 165]
[421, 165]
[520, 165]
[638, 165]
[738, 165]
[837, 165]
[940, 165]
[5, 166]
[105, 166]
[204, 166]
[321, 166]
[421, 166]
[520, 166]
[638, 166]
[738, 166]
[837, 166]
[940, 166]
[5, 167]
[105, 167]
[204, 167]
[321, 167]
[421, 167]
[520, 167]
[638, 167]
[738, 167]
[837, 167]
[940, 167]
[5, 168]
[105, 168]
[204, 168]
[321, 168]
[421, 168]
[520, 168]
[638, 168]
[738, 168]
[837, 168]
[940, 168]
[5, 169]
[105, 169]
[204, 169]
[321, 169]
[421, 169]
[520, 169]
[638, 169]
[738, 169]
[837, 169]
[940, 169]
[5, 170]
[105, 170]
[204, 170]
[321, 170]
[421, 170]
[520, 170]
[638, 170]
[738, 170]
[837, 170]
[940, 170]
[5, 171]
[105, 171]
[204, 171]
[321, 171]
[421, 171]
[520, 171]
[638, 171]
[738, 171]
[837, 171]
[940, 171]
[5, 172]
[105, 172]
[204, 172]
[321, 172]
[421, 172]
[520, 172]
[638, 172]
[738, 172]
[837, 172]
[940, 172]
[5, 173]
[105, 173]
[204, 173]
[321, 173]
[421, 173]
[520, 173]
[638, 173]
[738, 173]
[837, 173]
[940, 173]
[5, 174]
[105, 174]
[204, 174]
[321, 174]
[421, 174]
[520, 174]
[638, 174]
[738, 174]
[837, 174]
[940, 174]
[5, 175]
[105, 175]
[204, 175]
[321, 175]
[421, 175]
[520, 175]
[638, 175]
[738, 175]
[837, 175]
[940, 175]
[5, 176]
[105, 176]
[204, 176]
[321, 176]
[421, 176]
[520, 176]
[638, 176]
[738, 176]
[837, 176]
[940, 176]
[5, 177]
[105, 177]
[204, 177]
[321, 177]
[421, 177]
[520, 177]
[638, 177]
[738, 177]
[837, 177]
[940, 177]
[5, 178]
[105, 178]
[204, 178]
[321, 178]
[421, 178]
[520, 178]
[638, 178]
[738, 178]
[837, 178]
[940, 178]
[5, 179]
[105, 179]
[204, 179]
[321, 179]
[421, 179]
[520, 179]
[638, 179]
[738, 179]
[837, 179]
[940, 179]
[5, 180]
[105, 180]
[204, 180]
[321, 180]
[421, 180]
[520, 180]
[638, 180]
[738, 180]
[837, 180]
[940, 180]
[5, 181]
[105, 181]
[204, 181]
[321, 181]
[421, 181]
[520, 181]
[638, 181]
[738, 181]
[837, 181]
[940, 181]
[5, 182]
[105, 182]
[204, 182]
[321, 182]
[421, 182]
[520, 182]
[638, 182]
[738, 182]
[837, 182]
[940, 182]
[5, 183]
[105, 183]
[204, 183]
[321, 183]
[421, 183]
[520, 183]
[638, 183]
[738, 183]
[837, 183]
[940, 183]
[5, 184]
[105, 184]
[204, 184]
[321, 184]
[421, 184]
[520, 184]
[638, 184]
[738, 184]
[837, 184]
[940, 184]
[5, 185]
[105, 185]
[204, 185]
[321, 185]
[421, 185]
[520, 185]
[638, 185]
[738, 185]
[837, 185]
[940, 185]
[5, 186]
[105, 186]
[204, 186]
[321, 186]
[421, 186]
[520, 186]
[638, 186]
[738, 186]
[837, 186]
[940, 186]
[5, 187]
[105, 187]
[204, 187]
[321, 187]
[421, 187]
[520, 187]
[638, 187]
[738, 187]
[837, 187]
[940, 187]
[5, 188]
[105, 188]
[204, 188]
[321, 188]
[421, 188]
[520, 188]
[638, 188]
[738, 188]
[837, 188]
[940, 188]
[5, 189]
[105, 189]
[204, 189]
[321, 189]
[421, 189]
[520, 189]
[638, 189]
[738, 189]
[837, 189]
[940, 189]
[5, 190]
[105, 190]
[204, 190]
[321, 190]
[421, 190]
[520, 190]
[638, 190]
[738, 190]
[837, 190]
[940, 190]
[5, 191]
[105, 191]
[204, 191]
[321, 191]
[421, 191]
[520, 191]
[638, 191]
[738, 191]
[837, 191]
[940, 191]
[5, 192]
[105, 192]
[321, 192]
[421, 192]
[520, 192]
[638, 192]
[738, 192]
[837, 192]
[940, 192]
[5, 193]
[105, 193]
[204, 193]
[321, 193]
[421, 193]
[520, 193]
[638, 193]
[738, 193]
[837, 193]
[940, 193]
[5, 194]
[105, 194]
[204, 194]
[321, 194]
[421, 194]
[520, 194]
[638, 194]
[738, 194]
[837, 194]
[940, 194]
[5, 195]
[105, 195]
[204, 195]
[321, 195]
[421, 195]
[520, 195]
[638, 195]
[738, 195]
[837, 195]
[940, 195]
[940, 196]
[940, 197]
[940, 198]
[940, 199]
[940, 200]
[940, 201]
[940, 202]
[940, 203]
[940, 204]
[940, 205]
[940, 206]
[940, 207]
[940, 208]
[940, 209]
[940, 210]
[940, 211]
[940, 212]
[940, 213]
[940, 214]
[940, 215]
[940, 216]
[940, 217]
[6, 218]
[106, 218]
[205, 218]
[322, 218]
[422, 218]
[521, 218]
[639, 218]
[739, 218]
[838, 218]
[940, 218]
[6, 219]
[106, 219]
[205, 219]
[322, 219]
[422, 219]
[521, 219]
[639, 219]
[739, 219]
[838, 219]
[940, 219]
[6, 220]
[106, 220]
[205, 220]
[322, 220]
[422, 220]
[521, 220]
[639, 220]
[739, 220]
[838, 220]
[940, 220]
[6, 221]
[106, 221]
[205, 221]
[322, 221]
[422, 221]
[521, 221]
[639, 221]
[739, 221]
[838, 221]
[940, 221]
[6, 222]
[106, 222]
[205, 222]
[322, 222]
[422, 222]
[521, 222]
[639, 222]
[739, 222]
[838, 222]
[940, 222]
[6, 223]
[106, 223]
[205, 223]
[322, 223]
[422, 223]
[521, 223]
[639, 223]
[739, 223]
[838, 223]
[940, 223]
[6, 224]
[106, 224]
[205, 224]
[322, 224]
[422, 224]
[521, 224]
[639, 224]
[739, 224]
[838, 224]
[940, 224]
[6, 225]
[106, 225]
[205, 225]
[322, 225]
[422, 225]
[521, 225]
[639, 225]
[739, 225]
[838, 225]
[940, 225]
[6, 226]
[106, 226]
[205, 226]
[322, 226]
[422, 226]
[521, 226]
[639, 226]
[739, 226]
[838, 226]
[940, 226]
[6, 227]
[106, 227]
[205, 227]
[322, 227]
[422, 227]
[521, 227]
[639, 227]
[739, 227]
[838, 227]
[940, 227]
[6, 228]
[106, 228]
[205, 228]
[322, 228]
[422, 228]
[521, 228]
[639, 228]
[739, 228]
[838, 228]
[940, 228]
[6, 229]
[106, 229]
[205, 229]
[322, 229]
[422, 229]
[521, 229]
[639, 229]
[739, 229]
[838, 229]
[940, 229]
[6, 230]
[106, 230]
[205, 230]
[322, 230]
[422, 230]
[521, 230]
[639, 230]
[739, 230]
[838, 230]
[940, 230]
[6, 231]
[106, 231]
[205, 231]
[322, 231]
[422, 231]
[521, 231]
[639, 231]
[739, 231]
[838, 231]
[940, 231]
[6, 232]
[106, 232]
[205, 232]
[322, 232]
[422, 232]
[521, 232]
[639, 232]
[739, 232]
[838, 232]
[940, 232]
[6, 233]
[106, 233]
[205, 233]
[322, 233]
[422, 233]
[521, 233]
[639, 233]
[739, 233]
[838, 233]
[940, 233]
[6, 234]
[106, 234]
[205, 234]
[322, 234]
[422, 234]
[521, 234]
[639, 234]
[739, 234]
[838, 234]
[940, 234]
[6, 235]
[106, 235]
[205, 235]
[322, 235]
[422, 235]
[521, 235]
[639, 235]
[739, 235]
[838, 235]
[940, 235]
[6, 236]
[106, 236]
[205, 236]
[322, 236]
[422, 236]
[521, 236]
[639, 236]
[739, 236]
[838, 236]
[940, 236]
[6, 237]
[106, 237]
[205, 237]
[322, 237]
[422, 237]
[521, 237]
[639, 237]
[739, 237]
[838, 237]
[940, 237]
[6, 238]
[106, 238]
[205, 238]
[322, 238]
[422, 238]
[521, 238]
[639, 238]
[739, 238]
[838, 238]
[940, 238]
[6, 239]
[106, 239]
[205, 239]
[322, 239]
[422, 239]
[521, 239]
[639, 239]
[739, 239]
[838, 239]
[940, 239]
[6, 240]
[106, 240]
[205, 240]
[322, 240]
[422, 240]
[521, 240]
[639, 240]
[739, 240]
[838, 240]
[940, 240]
[6, 241]
[106, 241]
[205, 241]
[322, 241]
[422, 241]
[521, 241]
[639, 241]
[739, 241]
[838, 241]
[940, 241]
[6, 242]
[106, 242]
[205, 242]
[322, 242]
[422, 242]
[521, 242]
[639, 242]
[739, 242]
[838, 242]
[940, 242]
[6, 243]
[106, 243]
[205, 243]
[322, 243]
[422, 243]
[521, 243]
[639, 243]
[739, 243]
[838, 243]
[940, 243]
[6, 244]
[106, 244]
[205, 244]
[322, 244]
[422, 244]
[521, 244]
[639, 244]
[739, 244]
[838, 244]
[940, 244]
[6, 245]
[106, 245]
[205, 245]
[322, 245]
[422, 245]
[521, 245]
[639, 245]
[739, 245]
[838, 245]
[940, 245]
[6, 246]
[106, 246]
[205, 246]
[322, 246]
[422, 246]
[521, 246]
[639, 246]
[739, 246]
[838, 246]
[940, 246]
[6, 247]
[106, 247]
[205, 247]
[322, 247]
[422, 247]
[521, 247]
[639, 247]
[739, 247]
[838, 247]
[940, 247]
[6, 248]
[106, 248]
[205, 248]
[322, 248]
[422, 248]
[521, 248]
[639, 248]
[739, 248]
[838, 248]
[940, 248]
[6, 249]
[106, 249]
[205, 249]
[322, 249]
[422, 249]
[521, 249]
[639, 249]
[739, 249]
[838, 249]
[940, 249]
[6, 250]
[106, 250]
[205, 250]
[322, 250]
[422, 250]
[521, 250]
[639, 250]
[739, 250]
[838, 250]
[940, 250]
[6, 251]
[106, 251]
[205, 251]
[322, 251]
[422, 251]
[521, 251]
[639, 251]
[739, 251]
[838, 251]
[940, 251]
[6, 252]
[106, 252]
[205, 252]
[322, 252]
[422, 252]
[521, 252]
[639, 252]
[739, 252]
[838, 252]
[940, 252]
[6, 253]
[106, 253]
[205, 253]
[322, 253]
[422, 253]
[521, 253]
[639, 253]
[739, 253]
[838, 253]
[940, 253]
[6, 254]
[106, 254]
[205, 254]
[322, 254]
[422, 254]
[521, 254]
[639, 254]
[739, 254]
[838, 254]
[940, 254]
[6, 255]
[106, 255]
[205, 255]
[322, 255]
[422, 255]
[521, 255]
[639, 255]
[739, 255]
[838, 255]
[940, 255]
[6, 256]
[106, 256]
[205, 256]
[322, 256]
[422, 256]
[521, 256]
[639, 256]
[739, 256]
[838, 256]
[940, 256]
[6, 257]
[106, 257]
[205, 257]
[322, 257]
[422, 257]
[521, 257]
[639, 257]
[739, 257]
[838, 257]
[940, 257]
[6, 258]
[106, 258]
[205, 258]
[322, 258]
[422, 258]
[521, 258]
[639, 258]
[739, 258]
[838, 258]
[940, 258]
[6, 259]
[106, 259]
[205, 259]
[322, 259]
[422, 259]
[521, 259]
[639, 259]
[739, 259]
[838, 259]
[940, 259]
[6, 260]
[106, 260]
[205, 260]
[322, 260]
[422, 260]
[521, 260]
[639, 260]
[739, 260]
[838, 260]
[940, 260]
[6, 261]
[106, 261]
[205, 261]
[322, 261]
[422, 261]
[521, 261]
[639, 261]
[739, 261]
[838, 261]
[940, 261]
[6, 262]
[106, 262]
[205, 262]
[322, 262]
[422, 262]
[521, 262]
[639, 262]
[739, 262]
[838, 262]
[940, 262]
[6, 263]
[106, 263]
[205, 263]
[322, 263]
[422, 263]
[521, 263]
[639, 263]
[739, 263]
[838, 263]
[940, 263]
[6, 264]
[106, 264]
[205, 264]
[322, 264]
[422, 264]
[521, 264]
[639, 264]
[739, 264]
[838, 264]
[940, 264]
[6, 265]
[106, 265]
[205, 265]
[322, 265]
[422, 265]
[521, 265]
[639, 265]
[739, 265]
[838, 265]
[940, 265]
[6, 266]
[106, 266]
[205, 266]
[322, 266]
[422, 266]
[521, 266]
[639, 266]
[739, 266]
[838, 266]
[940, 266]
[6, 267]
[106, 267]
[205, 267]
[322, 267]
[422, 267]
[521, 267]
[639, 267]
[739, 267]
[838, 267]
[940, 267]
[6, 268]
[106, 268]
[205, 268]
[322, 268]
[422, 268]
[521, 268]
[639, 268]
[739, 268]
[838, 268]
[940, 268]
[6, 269]
[106, 269]
[205, 269]
[322, 269]
[422, 269]
[521, 269]
[639, 269]
[739, 269]
[838, 269]
[940, 269]
[6, 270]
[106, 270]
[205, 270]
[322, 270]
[422, 270]
[521, 270]
[639, 270]
[739, 270]
[838, 270]
[940, 270]
[6, 271]
[106, 271]
[205, 271]
[322, 271]
[422, 271]
[521, 271]
[639, 271]
[739, 271]
[838, 271]
[940, 271]
[6, 272]
[106, 272]
[205, 272]
[322, 272]
[422, 272]
[521, 272]
[639, 272]
[739, 272]
[838, 272]
[940, 272]
[6, 273]
[106, 273]
[205, 273]
[322, 273]
[422, 273]
[521, 273]
[639, 273]
[739, 273]
[838, 273]
[940, 273]
[6, 274]
[106, 274]
[205, 274]
[322, 274]
[422, 274]
[521, 274]
[639, 274]
[739, 274]
[838, 274]
[940, 274]
[6, 275]
[106, 275]
[205, 275]
[322, 275]
[422, 275]
[521, 275]
[639, 275]
[739, 275]
[838, 275]
[940, 275]
[6, 276]
[106, 276]
[205, 276]
[322, 276]
[422, 276]
[521, 276]
[639, 276]
[739, 276]
[838, 276]
[940, 276]
[6, 277]
[106, 277]
[205, 277]
[322, 277]
[422, 277]
[521, 277]
[639, 277]
[739, 277]
[838, 277]
[940, 277]
[6, 278]
[106, 278]
[205, 278]
[322, 278]
[422, 278]
[521, 278]
[639, 278]
[739, 278]
[838, 278]
[940, 278]
[6, 279]
[106, 279]
[205, 279]
[322, 279]
[422, 279]
[521, 279]
[639, 279]
[739, 279]
[838, 279]
[940, 279]
[940, 280]
[940, 281]
[940, 282]
[940, 283]
[6, 284]
[106, 284]
[205, 284]
[322, 284]
[422, 284]
[521, 284]
[639, 284]
[739, 284]
[838, 284]
[940, 284]
[6, 285]
[106, 285]
[205, 285]
[322, 285]
[422, 285]
[521, 285]
[639, 285]
[739, 285]
[838, 285]
[940, 285]
[6, 286]
[106, 286]
[205, 286]
[322, 286]
[422, 286]
[521, 286]
[639, 286]
[739, 286]
[838, 286]
[940, 286]
[6, 287]
[106, 287]
[205, 287]
[322, 287]
[422, 287]
[521, 287]
[639, 287]
[739, 287]
[838, 287]
[940, 287]
[6, 288]
[106, 288]
[205, 288]
[322, 288]
[422, 288]
[521, 288]
[639, 288]
[739, 288]
[838, 288]
[940, 288]
[6, 289]
[106, 289]
[205, 289]
[322, 289]
[422, 289]
[521, 289]
[639, 289]
[739, 289]
[838, 289]
[940, 289]
[6, 290]
[106, 290]
[205, 290]
[322, 290]
[422, 290]
[521, 290]
[639, 290]
[739, 290]
[838, 290]
[940, 290]
[6, 291]
[106, 291]
[205, 291]
[322, 291]
[422, 291]
[521, 291]
[639, 291]
[739, 291]
[838, 291]
[940, 291]
[6, 292]
[106, 292]
[205, 292]
[322, 292]
[422, 292]
[521, 292]
[639, 292]
[739, 292]
[838, 292]
[940, 292]
[6, 293]
[106, 293]
[205, 293]
[322, 293]
[422, 293]
[521, 293]
[639, 293]
[739, 293]
[838, 293]
[940, 293]
[6, 294]
[106, 294]
[205, 294]
[322, 294]
[422, 294]
[521, 294]
[639, 294]
[739, 294]
[838, 294]
[940, 294]
[6, 295]
[106, 295]
[205, 295]
[322, 295]
[422, 295]
[521, 295]
[639, 295]
[739, 295]
[838, 295]
[940, 295]
[6, 296]
[106, 296]
[205, 296]
[322, 296]
[422, 296]
[521, 296]
[639, 296]
[739, 296]
[838, 296]
[940, 296]
[6, 297]
[106, 297]
[205, 297]
[322, 297]
[422, 297]
[521, 297]
[639, 297]
[739, 297]
[838, 297]
[940, 297]
[6, 298]
[106, 298]
[205, 298]
[322, 298]
[422, 298]
[521, 298]
[639, 298]
[739, 298]
[838, 298]
[940, 298]
[6, 299]
[106, 299]
[205, 299]
[322, 299]
[422, 299]
[521, 299]
[639, 299]
[739, 299]
[838, 299]
[940, 299]
[6, 300]
[106, 300]
[205, 300]
[322, 300]
[422, 300]
[521, 300]
[639, 300]
[739, 300]
[838, 300]
[940, 300]
[6, 301]
[106, 301]
[205, 301]
[322, 301]
[422, 301]
[521, 301]
[639, 301]
[739, 301]
[838, 301]
[940, 301]
[6, 302]
[106, 302]
[205, 302]
[322, 302]
[422, 302]
[521, 302]
[639, 302]
[739, 302]
[838, 302]
[940, 302]
[6, 303]
[106, 303]
[205, 303]
[322, 303]
[422, 303]
[521, 303]
[639, 303]
[739, 303]
[838, 303]
[940, 303]
[6, 304]
[106, 304]
[205, 304]
[322, 304]
[422, 304]
[521, 304]
[639, 304]
[739, 304]
[838, 304]
[940, 304]
[6, 305]
[106, 305]
[205, 305]
[322, 305]
[422, 305]
[521, 305]
[639, 305]
[739, 305]
[838, 305]
[940, 305]
[6, 306]
[106, 306]
[205, 306]
[322, 306]
[422, 306]
[521, 306]
[639, 306]
[739, 306]
[838, 306]
[940, 306]
[6, 307]
[106, 307]
[205, 307]
[322, 307]
[422, 307]
[521, 307]
[639, 307]
[739, 307]
[838, 307]
[940, 307]
[6, 308]
[106, 308]
[205, 308]
[322, 308]
[422, 308]
[521, 308]
[639, 308]
[739, 308]
[838, 308]
[940, 308]
[6, 309]
[106, 309]
[205, 309]
[322, 309]
[422, 309]
[521, 309]
[639, 309]
[739, 309]
[838, 309]
[940, 309]
[6, 310]
[106, 310]
[205, 310]
[322, 310]
[422, 310]
[521, 310]
[639, 310]
[739, 310]
[838, 310]
[940, 310]
[6, 311]
[106, 311]
[205, 311]
[322, 311]
[422, 311]
[521, 311]
[639, 311]
[739, 311]
[838, 311]
[940, 311]
[6, 312]
[106, 312]
[205, 312]
[322, 312]
[422, 312]
[521, 312]
[639, 312]
[739, 312]
[838, 312]
[940, 312]
[6, 313]
[106, 313]
[205, 313]
[322, 313]
[422, 313]
[521, 313]
[639, 313]
[739, 313]
[838, 313]
[940, 313]
[6, 314]
[106, 314]
[205, 314]
[322, 314]
[422, 314]
[521, 314]
[639, 314]
[739, 314]
[838, 314]
[940, 314]
[6, 315]
[106, 315]
[205, 315]
[322, 315]
[422, 315]
[521, 315]
[639, 315]
[739, 315]
[838, 315]
[940, 315]
[6, 316]
[106, 316]
[205, 316]
[322, 316]
[422, 316]
[521, 316]
[639, 316]
[739, 316]
[838, 316]
[940, 316]
[6, 317]
[106, 317]
[205, 317]
[322, 317]
[422, 317]
[521, 317]
[639, 317]
[739, 317]
[838, 317]
[940, 317]
[6, 318]
[106, 318]
[205, 318]
[322, 318]
[422, 318]
[521, 318]
[639, 318]
[739, 318]
[838, 318]
[940, 318]
[6, 319]
[106, 319]
[205, 319]
[322, 319]
[422, 319]
[521, 319]
[639, 319]
[739, 319]
[838, 319]
[940, 319]
[6, 320]
[106, 320]
[205, 320]
[322, 320]
[422, 320]
[521, 320]
[639, 320]
[739, 320]
[838, 320]
[940, 320]
[6, 321]
[106, 321]
[205, 321]
[322, 321]
[422, 321]
[521, 321]
[639, 321]
[739, 321]
[838, 321]
[940, 321]
[6, 322]
[106, 322]
[205, 322]
[322, 322]
[422, 322]
[521, 322]
[639, 322]
[739, 322]
[838, 322]
[940, 322]
[6, 323]
[106, 323]
[205, 323]
[322, 323]
[422, 323]
[521, 323]
[639, 323]
[739, 323]
[838, 323]
[940, 323]
[6, 324]
[106, 324]
[205, 324]
[322, 324]
[422, 324]
[521, 324]
[639, 324]
[739, 324]
[838, 324]
[940, 324]
[6, 325]
[106, 325]
[205, 325]
[322, 325]
[422, 325]
[521, 325]
[639, 325]
[739, 325]
[838, 325]
[940, 325]
[6, 326]
[106, 326]
[205, 326]
[322, 326]
[422, 326]
[521, 326]
[639, 326]
[739, 326]
[838, 326]
[940, 326]
[6, 327]
[106, 327]
[205, 327]
[322, 327]
[422, 327]
[521, 327]
[639, 327]
[739, 327]
[838, 327]
[940, 327]
[6, 328]
[106, 328]
[205, 328]
[322, 328]
[422, 328]
[521, 328]
[639, 328]
[739, 328]
[838, 328]
[940, 328]
[6, 329]
[106, 329]
[205, 329]
[322, 329]
[422, 329]
[521, 329]
[639, 329]
[739, 329]
[838, 329]
[940, 329]
[6, 330]
[106, 330]
[205, 330]
[322, 330]
[422, 330]
[521, 330]
[639, 330]
[739, 330]
[838, 330]
[940, 330]
[6, 331]
[106, 331]
[205, 331]
[322, 331]
[422, 331]
[521, 331]
[639, 331]
[739, 331]
[838, 331]
[940, 331]
[6, 332]
[106, 332]
[205, 332]
[322, 332]
[422, 332]
[521, 332]
[639, 332]
[739, 332]
[838, 332]
[940, 332]
[6, 333]
[106, 333]
[205, 333]
[322, 333]
[422, 333]
[521, 333]
[639, 333]
[739, 333]
[838, 333]
[940, 333]
[6, 334]
[106, 334]
[205, 334]
[322, 334]
[422, 334]
[521, 334]
[639, 334]
[739, 334]
[838, 334]
[940, 334]
[6, 335]
[106, 335]
[205, 335]
[322, 335]
[422, 335]
[521, 335]
[639, 335]
[739, 335]
[838, 335]
[940, 335]
[6, 336]
[106, 336]
[205, 336]
[322, 336]
[422, 336]
[521, 336]
[639, 336]
[739, 336]
[838, 336]
[940, 336]
[6, 337]
[106, 337]
[205, 337]
[322, 337]
[422, 337]
[521, 337]
[639, 337]
[739, 337]
[838, 337]
[940, 337]
[6, 338]
[106, 338]
[205, 338]
[322, 338]
[422, 338]
[521, 338]
[639, 338]
[739, 338]
[838, 338]
[940, 338]
[6, 339]
[106, 339]
[205, 339]
[322, 339]
[422, 339]
[521, 339]
[639, 339]
[739, 339]
[838, 339]
[940, 339]
[6, 340]
[106, 340]
[205, 340]
[322, 340]
[422, 340]
[545, 340]
[639, 340]
[739, 340]
[838, 340]
[940, 340]
[6, 341]
[106, 341]
[205, 341]
[322, 341]
[422, 341]
[521, 341]
[639, 341]
[739, 341]
[838, 341]
[940, 341]
[6, 342]
[106, 342]
[205, 342]
[322, 342]
[422, 342]
[521, 342]
[639, 342]
[739, 342]
[838, 342]
[940, 342]
[6, 343]
[106, 343]
[205, 343]
[322, 343]
[422, 343]
[521, 343]
[639, 343]
[739, 343]
[838, 343]
[940, 343]
[6, 344]
[106, 344]
[205, 344]
[322, 344]
[422, 344]
[521, 344]
[639, 344]
[739, 344]
[838, 344]
[940, 344]
[6, 345]
[106, 345]
[205, 345]
[322, 345]
[422, 345]
[521, 345]
[639, 345]
[739, 345]
[838, 345]
[940, 345]
[940, 346]
[940, 347]
[940, 348]
[940, 349]
[6, 350]
[106, 350]
[205, 350]
[322, 350]
[422, 350]
[521, 350]
[639, 350]
[739, 350]
[838, 350]
[940, 350]
[6, 351]
[106, 351]
[205, 351]
[322, 351]
[422, 351]
[521, 351]
[639, 351]
[739, 351]
[838, 351]
[940, 351]
[6, 352]
[106, 352]
[205, 352]
[322, 352]
[422, 352]
[521, 352]
[639, 352]
[739, 352]
[838, 352]
[940, 352]
[6, 353]
[106, 353]
[205, 353]
[322, 353]
[422, 353]
[521, 353]
[639, 353]
[739, 353]
[838, 353]
[940, 353]
[6, 354]
[106, 354]
[205, 354]
[322, 354]
[422, 354]
[521, 354]
[639, 354]
[739, 354]
[838, 354]
[940, 354]
[6, 355]
[106, 355]
[205, 355]
[322, 355]
[422, 355]
[521, 355]
[639, 355]
[739, 355]
[838, 355]
[940, 355]
[6, 356]
[106, 356]
[205, 356]
[322, 356]
[422, 356]
[521, 356]
[639, 356]
[739, 356]
[838, 356]
[940, 356]
[6, 357]
[106, 357]
[205, 357]
[322, 357]
[422, 357]
[521, 357]
[639, 357]
[739, 357]
[838, 357]
[940, 357]
[6, 358]
[106, 358]
[205, 358]
[322, 358]
[422, 358]
[521, 358]
[639, 358]
[739, 358]
[838, 358]
[940, 358]
[6, 359]
[106, 359]
[205, 359]
[322, 359]
[422, 359]
[521, 359]
[639, 359]
[739, 359]
[838, 359]
[940, 359]
[6, 360]
[106, 360]
[205, 360]
[322, 360]
[422, 360]
[521, 360]
[639, 360]
[739, 360]
[838, 360]
[940, 360]
[6, 361]
[106, 361]
[205, 361]
[322, 361]
[422, 361]
[521, 361]
[639, 361]
[739, 361]
[838, 361]
[940, 361]
[6, 362]
[106, 362]
[205, 362]
[322, 362]
[422, 362]
[521, 362]
[639, 362]
[739, 362]
[838, 362]
[940, 362]
[6, 363]
[106, 363]
[205, 363]
[322, 363]
[422, 363]
[521, 363]
[639, 363]
[739, 363]
[838, 363]
[940, 363]
[6, 364]
[106, 364]
[205, 364]
[322, 364]
[422, 364]
[521, 364]
[639, 364]
[739, 364]
[838, 364]
[940, 364]
[6, 365]
[106, 365]
[205, 365]
[322, 365]
[422, 365]
[521, 365]
[639, 365]
[739, 365]
[838, 365]
[940, 365]
[6, 366]
[106, 366]
[205, 366]
[322, 366]
[422, 366]
[521, 366]
[639, 366]
[739, 366]
[838, 366]
[940, 366]
[6, 367]
[106, 367]
[205, 367]
[322, 367]
[422, 367]
[521, 367]
[639, 367]
[739, 367]
[838, 367]
[940, 367]
[6, 368]
[106, 368]
[205, 368]
[322, 368]
[422, 368]
[521, 368]
[639, 368]
[739, 368]
[838, 368]
[940, 368]
[6, 369]
[106, 369]
[205, 369]
[322, 369]
[422, 369]
[521, 369]
[639, 369]
[739, 369]
[838, 369]
[940, 369]
[6, 370]
[106, 370]
[205, 370]
[322, 370]
[422, 370]
[521, 370]
[639, 370]
[739, 370]
[838, 370]
[940, 370]
[6, 371]
[106, 371]
[205, 371]
[322, 371]
[422, 371]
[521, 371]
[639, 371]
[739, 371]
[838, 371]
[940, 371]
[6, 372]
[106, 372]
[205, 372]
[322, 372]
[422, 372]
[521, 372]
[639, 372]
[739, 372]
[838, 372]
[940, 372]
[6, 373]
[106, 373]
[205, 373]
[322, 373]
[422, 373]
[521, 373]
[639, 373]
[739, 373]
[838, 373]
[940, 373]
[6, 374]
[106, 374]
[205, 374]
[322, 374]
[422, 374]
[521, 374]
[639, 374]
[739, 374]
[838, 374]
[940, 374]
[6, 375]
[106, 375]
[205, 375]
[322, 375]
[422, 375]
[521, 375]
[639, 375]
[739, 375]
[838, 375]
[940, 375]
[6, 376]
[106, 376]
[205, 376]
[322, 376]
[422, 376]
[521, 376]
[639, 376]
[739, 376]
[838, 376]
[940, 376]
[6, 377]
[106, 377]
[205, 377]
[322, 377]
[422, 377]
[521, 377]
[639, 377]
[739, 377]
[838, 377]
[940, 377]
[6, 378]
[106, 378]
[205, 378]
[322, 378]
[422, 378]
[521, 378]
[639, 378]
[739, 378]
[838, 378]
[940, 378]
[6, 379]
[106, 379]
[205, 379]
[322, 379]
[422, 379]
[521, 379]
[639, 379]
[739, 379]
[838, 379]
[940, 379]
[6, 380]
[106, 380]
[205, 380]
[322, 380]
[422, 380]
[521, 380]
[639, 380]
[739, 380]
[838, 380]
[940, 380]
[6, 381]
[106, 381]
[205, 381]
[322, 381]
[422, 381]
[521, 381]
[639, 381]
[739, 381]
[838, 381]
[940, 381]
[6, 382]
[106, 382]
[205, 382]
[322, 382]
[422, 382]
[521, 382]
[639, 382]
[739, 382]
[838, 382]
[940, 382]
[6, 383]
[106, 383]
[205, 383]
[322, 383]
[422, 383]
[521, 383]
[639, 383]
[739, 383]
[838, 383]
[940, 383]
[6, 384]
[106, 384]
[205, 384]
[322, 384]
[422, 384]
[521, 384]
[639, 384]
[739, 384]
[838, 384]
[940, 384]
[6, 385]
[106, 385]
[205, 385]
[322, 385]
[422, 385]
[521, 385]
[639, 385]
[739, 385]
[838, 385]
[940, 385]
[6, 386]
[106, 386]
[205, 386]
[322, 386]
[422, 386]
[521, 386]
[639, 386]
[739, 386]
[838, 386]
[940, 386]
[6, 387]
[106, 387]
[205, 387]
[322, 387]
[422, 387]
[521, 387]
[639, 387]
[739, 387]
[838, 387]
[940, 387]
[6, 388]
[106, 388]
[205, 388]
[322, 388]
[422, 388]
[521, 388]
[639, 388]
[739, 388]
[838, 388]
[940, 388]
[6, 389]
[106, 389]
[205, 389]
[322, 389]
[422, 389]
[521, 389]
[639, 389]
[739, 389]
[838, 389]
[940, 389]
[6, 390]
[106, 390]
[205, 390]
[322, 390]
[422, 390]
[521, 390]
[639, 390]
[739, 390]
[838, 390]
[940, 390]
[6, 391]
[106, 391]
[205, 391]
[322, 391]
[422, 391]
[521, 391]
[639, 391]
[739, 391]
[838, 391]
[940, 391]
[6, 392]
[106, 392]
[205, 392]
[322, 392]
[422, 392]
[521, 392]
[639, 392]
[739, 392]
[838, 392]
[940, 392]
[6, 393]
[106, 393]
[205, 393]
[322, 393]
[422, 393]
[521, 393]
[639, 393]
[739, 393]
[838, 393]
[940, 393]
[6, 394]
[106, 394]
[205, 394]
[322, 394]
[422, 394]
[521, 394]
[639, 394]
[739, 394]
[838, 394]
[940, 394]
[6, 395]
[106, 395]
[205, 395]
[322, 395]
[422, 395]
[521, 395]
[639, 395]
[739, 395]
[838, 395]
[940, 395]
[6, 396]
[106, 396]
[205, 396]
[322, 396]
[422, 396]
[521, 396]
[639, 396]
[739, 396]
[838, 396]
[940, 396]
[6, 397]
[106, 397]
[205, 397]
[322, 397]
[422, 397]
[521, 397]
[639, 397]
[739, 397]
[838, 397]
[940, 397]
[6, 398]
[106, 398]
[205, 398]
[322, 398]
[422, 398]
[521, 398]
[639, 398]
[739, 398]
[838, 398]
[940, 398]
[6, 399]
[106, 399]
[205, 399]
[322, 399]
[422, 399]
[521, 399]
[639, 399]
[739, 399]
[838, 399]
[940, 399]
[6, 400]
[106, 400]
[205, 400]
[322, 400]
[422, 400]
[521, 400]
[639, 400]
[739, 400]
[838, 400]
[940, 400]
[6, 401]
[106, 401]
[205, 401]
[322, 401]
[422, 401]
[521, 401]
[639, 401]
[739, 401]
[838, 401]
[940, 401]
[6, 402]
[106, 402]
[205, 402]
[322, 402]
[422, 402]
[521, 402]
[639, 402]
[739, 402]
[838, 402]
[940, 402]
[6, 403]
[106, 403]
[205, 403]
[322, 403]
[422, 403]
[521, 403]
[639, 403]
[739, 403]
[838, 403]
[940, 403]
[6, 404]
[106, 404]
[205, 404]
[322, 404]
[422, 404]
[521, 404]
[639, 404]
[739, 404]
[838, 404]
[940, 404]
[6, 405]
[106, 405]
[205, 405]
[322, 405]
[422, 405]
[521, 405]
[639, 405]
[739, 405]
[838, 405]
[940, 405]
[6, 406]
[106, 406]
[205, 406]
[322, 406]
[422, 406]
[521, 406]
[639, 406]
[739, 406]
[838, 406]
[940, 406]
[6, 407]
[106, 407]
[205, 407]
[322, 407]
[422, 407]
[521, 407]
[639, 407]
[739, 407]
[838, 407]
[940, 407]
[6, 408]
[106, 408]
[322, 408]
[422, 408]
[521, 408]
[639, 408]
[739, 408]
[838, 408]
[940, 408]
[6, 409]
[106, 409]
[205, 409]
[322, 409]
[422, 409]
[521, 409]
[639, 409]
[739, 409]
[838, 409]
[940, 409]
[6, 410]
[106, 410]
[205, 410]
[322, 410]
[422, 410]
[521, 410]
[639, 410]
[739, 410]
[838, 410]
[940, 410]
[6, 411]
[106, 411]
[205, 411]
[322, 411]
[422, 411]
[521, 411]
[639, 411]
[739, 411]
[838, 411]
[940, 411]
[940, 412]
[940, 413]
[940, 414]
[940, 415]
[940, 416]
[940, 417]
[940, 418]
[940, 419]
[940, 420]
[940, 421]
[940, 422]
[940, 423]
[940, 424]
[940, 425]
[940, 426]
[940, 427]
[940, 428]
[940, 429]
[940, 430]
[940, 431]
[940, 432]
[940, 433]
[940, 434]
[6, 435]
[106, 435]
[205, 435]
[322, 435]
[422, 435]
[521, 435]
[639, 435]
[739, 435]
[838, 435]
[940, 435]
[6, 436]
[106, 436]
[205, 436]
[322, 436]
[422, 436]
[521, 436]
[639, 436]
[739, 436]
[838, 436]
[940, 436]
[6, 437]
[106, 437]
[205, 437]
[322, 437]
[422, 437]
[521, 437]
[639, 437]
[739, 437]
[838, 437]
[940, 437]
[6, 438]
[106, 438]
[205, 438]
[322, 438]
[422, 438]
[521, 438]
[639, 438]
[739, 438]
[838, 438]
[940, 438]
[6, 439]
[106, 439]
[205, 439]
[322, 439]
[422, 439]
[521, 439]
[639, 439]
[739, 439]
[838, 439]
[940, 439]
[6, 440]
[106, 440]
[205, 440]
[322, 440]
[422, 440]
[521, 440]
[639, 440]
[739, 440]
[838, 440]
[940, 440]
[6, 441]
[106, 441]
[205, 441]
[322, 441]
[422, 441]
[521, 441]
[639, 441]
[739, 441]
[838, 441]
[940, 441]
[6, 442]
[106, 442]
[205, 442]
[322, 442]
[422, 442]
[521, 442]
[639, 442]
[739, 442]
[838, 442]
[940, 442]
[6, 443]
[106, 443]
[205, 443]
[322, 443]
[422, 443]
[521, 443]
[639, 443]
[739, 443]
[838, 443]
[940, 443]
[6, 444]
[106, 444]
[205, 444]
[322, 444]
[422, 444]
[521, 444]
[639, 444]
[739, 444]
[838, 444]
[940, 444]
[6, 445]
[106, 445]
[205, 445]
[322, 445]
[422, 445]
[521, 445]
[639, 445]
[739, 445]
[838, 445]
[940, 445]
[6, 446]
[106, 446]
[205, 446]
[322, 446]
[422, 446]
[521, 446]
[639, 446]
[739, 446]
[838, 446]
[940, 446]
[6, 447]
[106, 447]
[205, 447]
[322, 447]
[422, 447]
[521, 447]
[639, 447]
[739, 447]
[838, 447]
[940, 447]
[6, 448]
[106, 448]
[205, 448]
[322, 448]
[422, 448]
[521, 448]
[639, 448]
[739, 448]
[838, 448]
[940, 448]
[6, 449]
[106, 449]
[205, 449]
[322, 449]
[422, 449]
[521, 449]
[639, 449]
[739, 449]
[838, 449]
[940, 449]
[6, 450]
[106, 450]
[205, 450]
[322, 450]
[422, 450]
[521, 450]
[639, 450]
[739, 450]
[838, 450]
[940, 450]
[6, 451]
[106, 451]
[205, 451]
[322, 451]
[422, 451]
[521, 451]
[639, 451]
[739, 451]
[838, 451]
[940, 451]
[6, 452]
[106, 452]
[205, 452]
[322, 452]
[422, 452]
[521, 452]
[639, 452]
[739, 452]
[838, 452]
[940, 452]
[6, 453]
[106, 453]
[205, 453]
[322, 453]
[422, 453]
[521, 453]
[639, 453]
[739, 453]
[838, 453]
[940, 453]
[6, 454]
[106, 454]
[205, 454]
[322, 454]
[422, 454]
[521, 454]
[639, 454]
[739, 454]
[838, 454]
[940, 454]
[6, 455]
[106, 455]
[205, 455]
[322, 455]
[422, 455]
[521, 455]
[639, 455]
[739, 455]
[838, 455]
[940, 455]
[6, 456]
[106, 456]
[205, 456]
[322, 456]
[422, 456]
[521, 456]
[639, 456]
[739, 456]
[838, 456]
[940, 456]
[6, 457]
[106, 457]
[205, 457]
[322, 457]
[422, 457]
[521, 457]
[639, 457]
[739, 457]
[838, 457]
[940, 457]
[6, 458]
[106, 458]
[205, 458]
[322, 458]
[422, 458]
[521, 458]
[639, 458]
[739, 458]
[838, 458]
[940, 458]
[6, 459]
[106, 459]
[205, 459]
[322, 459]
[422, 459]
[521, 459]
[639, 459]
[739, 459]
[838, 459]
[940, 459]
[6, 460]
[106, 460]
[205, 460]
[322, 460]
[422, 460]
[521, 460]
[639, 460]
[739, 460]
[838, 460]
[940, 460]
[6, 461]
[106, 461]
[205, 461]
[322, 461]
[422, 461]
[521, 461]
[639, 461]
[739, 461]
[838, 461]
[940, 461]
[6, 462]
[106, 462]
[205, 462]
[322, 462]
[422, 462]
[521, 462]
[639, 462]
[739, 462]
[838, 462]
[940, 462]
[6, 463]
[106, 463]
[205, 463]
[322, 463]
[422, 463]
[521, 463]
[639, 463]
[739, 463]
[838, 463]
[940, 463]
[6, 464]
[106, 464]
[205, 464]
[322, 464]
[422, 464]
[521, 464]
[639, 464]
[739, 464]
[838, 464]
[940, 464]
[6, 465]
[106, 465]
[205, 465]
[322, 465]
[422, 465]
[521, 465]
[639, 465]
[739, 465]
[838, 465]
[940, 465]
[6, 466]
[106, 466]
[205, 466]
[322, 466]
[422, 466]
[521, 466]
[639, 466]
[739, 466]
[838, 466]
[940, 466]
[6, 467]
[106, 467]
[205, 467]
[322, 467]
[422, 467]
[521, 467]
[639, 467]
[739, 467]
[838, 467]
[940, 467]
[6, 468]
[106, 468]
[205, 468]
[322, 468]
[422, 468]
[521, 468]
[639, 468]
[739, 468]
[838, 468]
[940, 468]
[6, 469]
[106, 469]
[205, 469]
[322, 469]
[422, 469]
[521, 469]
[639, 469]
[739, 469]
[838, 469]
[940, 469]
[6, 470]
[106, 470]
[205, 470]
[322, 470]
[422, 470]
[521, 470]
[639, 470]
[739, 470]
[838, 470]
[940, 470]
[6, 471]
[106, 471]
[205, 471]
[322, 471]
[422, 471]
[521, 471]
[639, 471]
[739, 471]
[838, 471]
[940, 471]
[6, 472]
[106, 472]
[205, 472]
[322, 472]
[422, 472]
[521, 472]
[639, 472]
[739, 472]
[838, 472]
[940, 472]
[6, 473]
[106, 473]
[205, 473]
[322, 473]
[422, 473]
[521, 473]
[639, 473]
[739, 473]
[838, 473]
[940, 473]
[6, 474]
[106, 474]
[205, 474]
[322, 474]
[422, 474]
[521, 474]
[639, 474]
[739, 474]
[838, 474]
[940, 474]
[6, 475]
[106, 475]
[205, 475]
[322, 475]
[422, 475]
[521, 475]
[639, 475]
[739, 475]
[838, 475]
[940, 475]
[6, 476]
[106, 476]
[205, 476]
[322, 476]
[422, 476]
[521, 476]
[639, 476]
[739, 476]
[838, 476]
[940, 476]
[6, 477]
[106, 477]
[205, 477]
[322, 477]
[422, 477]
[521, 477]
[639, 477]
[739, 477]
[838, 477]
[940, 477]
[6, 478]
[106, 478]
[205, 478]
[322, 478]
[422, 478]
[521, 478]
[639, 478]
[739, 478]
[838, 478]
[940, 478]
[6, 479]
[106, 479]
[205, 479]
[322, 479]
[422, 479]
[521, 479]
[639, 479]
[739, 479]
[838, 479]
[940, 479]
[6, 480]
[106, 480]
[205, 480]
[322, 480]
[422, 480]
[521, 480]
[639, 480]
[739, 480]
[838, 480]
[940, 480]
[6, 481]
[106, 481]
[205, 481]
[322, 481]
[422, 481]
[521, 481]
[639, 481]
[739, 481]
[838, 481]
[940, 481]
[6, 482]
[106, 482]
[205, 482]
[322, 482]
[422, 482]
[521, 482]
[639, 482]
[739, 482]
[838, 482]
[940, 482]
[6, 483]
[106, 483]
[205, 483]
[322, 483]
[422, 483]
[521, 483]
[639, 483]
[739, 483]
[838, 483]
[940, 483]
[6, 484]
[106, 484]
[205, 484]
[322, 484]
[422, 484]
[521, 484]
[639, 484]
[739, 484]
[838, 484]
[940, 484]
[6, 485]
[106, 485]
[205, 485]
[322, 485]
[422, 485]
[521, 485]
[639, 485]
[739, 485]
[838, 485]
[940, 485]
[6, 486]
[106, 486]
[205, 486]
[322, 486]
[422, 486]
[521, 486]
[639, 486]
[739, 486]
[838, 486]
[940, 486]
[6, 487]
[106, 487]
[205, 487]
[322, 487]
[422, 487]
[521, 487]
[639, 487]
[739, 487]
[838, 487]
[940, 487]
[6, 488]
[106, 488]
[205, 488]
[322, 488]
[422, 488]
[521, 488]
[639, 488]
[739, 488]
[838, 488]
[940, 488]
[6, 489]
[106, 489]
[205, 489]
[322, 489]
[422, 489]
[521, 489]
[639, 489]
[739, 489]
[838, 489]
[940, 489]
[6, 490]
[106, 490]
[205, 490]
[322, 490]
[422, 490]
[521, 490]
[639, 490]
[739, 490]
[838, 490]
[940, 490]
[6, 491]
[106, 491]
[205, 491]
[322, 491]
[422, 491]
[521, 491]
[639, 491]
[739, 491]
[838, 491]
[940, 491]
[6, 492]
[106, 492]
[205, 492]
[322, 492]
[422, 492]
[521, 492]
[639, 492]
[739, 492]
[838, 492]
[940, 492]
[6, 493]
[106, 493]
[205, 493]
[322, 493]
[422, 493]
[521, 493]
[639, 493]
[739, 493]
[838, 493]
[940, 493]
[6, 494]
[106, 494]
[205, 494]
[322, 494]
[422, 494]
[521, 494]
[639, 494]
[739, 494]
[838, 494]
[940, 494]
[6, 495]
[106, 495]
[205, 495]
[322, 495]
[422, 495]
[521, 495]
[639, 495]
[739, 495]
[838, 495]
[940, 495]
[6, 496]
[106, 496]
[205, 496]
[322, 496]
[422, 496]
[521, 496]
[639, 496]
[739, 496]
[838, 496]
[940, 496]
[940, 497]
[940, 498]
[940, 499]
[940, 500]
[6, 501]
[106, 501]
[205, 501]
[322, 501]
[422, 501]
[521, 501]
[639, 501]
[739, 501]
[838, 501]
[940, 501]
[6, 502]
[106, 502]
[205, 502]
[322, 502]
[422, 502]
[521, 502]
[639, 502]
[739, 502]
[838, 502]
[940, 502]
[6, 503]
[106, 503]
[205, 503]
[322, 503]
[422, 503]
[521, 503]
[639, 503]
[739, 503]
[838, 503]
[940, 503]
[6, 504]
[106, 504]
[205, 504]
[322, 504]
[422, 504]
[521, 504]
[639, 504]
[739, 504]
[838, 504]
[940, 504]
[6, 505]
[106, 505]
[205, 505]
[322, 505]
[422, 505]
[521, 505]
[639, 505]
[739, 505]
[838, 505]
[940, 505]
[6, 506]
[106, 506]
[205, 506]
[322, 506]
[422, 506]
[521, 506]
[639, 506]
[739, 506]
[838, 506]
[940, 506]
[6, 507]
[106, 507]
[205, 507]
[322, 507]
[422, 507]
[521, 507]
[639, 507]
[739, 507]
[838, 507]
[940, 507]
[6, 508]
[106, 508]
[205, 508]
[322, 508]
[422, 508]
[521, 508]
[639, 508]
[739, 508]
[838, 508]
[940, 508]
[6, 509]
[106, 509]
[205, 509]
[322, 509]
[422, 509]
[521, 509]
[639, 509]
[739, 509]
[838, 509]
[940, 509]
[6, 510]
[106, 510]
[205, 510]
[322, 510]
[422, 510]
[521, 510]
[639, 510]
[739, 510]
[838, 510]
[940, 510]
[6, 511]
[106, 511]
[205, 511]
[322, 511]
[422, 511]
[521, 511]
[639, 511]
[739, 511]
[838, 511]
[940, 511]
[6, 512]
[106, 512]
[205, 512]
[322, 512]
[422, 512]
[521, 512]
[639, 512]
[739, 512]
[838, 512]
[940, 512]
[6, 513]
[106, 513]
[205, 513]
[322, 513]
[422, 513]
[521, 513]
[639, 513]
[739, 513]
[838, 513]
[940, 513]
[6, 514]
[106, 514]
[205, 514]
[322, 514]
[422, 514]
[521, 514]
[639, 514]
[739, 514]
[838, 514]
[940, 514]
[6, 515]
[106, 515]
[205, 515]
[322, 515]
[422, 515]
[521, 515]
[639, 515]
[739, 515]
[838, 515]
[940, 515]
[6, 516]
[106, 516]
[205, 516]
[322, 516]
[422, 516]
[521, 516]
[639, 516]
[739, 516]
[838, 516]
[940, 516]
[6, 517]
[106, 517]
[205, 517]
[322, 517]
[422, 517]
[521, 517]
[639, 517]
[739, 517]
[838, 517]
[940, 517]
[6, 518]
[106, 518]
[205, 518]
[322, 518]
[422, 518]
[521, 518]
[639, 518]
[739, 518]
[838, 518]
[940, 518]
[6, 519]
[106, 519]
[205, 519]
[322, 519]
[422, 519]
[521, 519]
[639, 519]
[739, 519]
[838, 519]
[940, 519]
[6, 520]
[106, 520]
[205, 520]
[322, 520]
[422, 520]
[521, 520]
[639, 520]
[739, 520]
[838, 520]
[940, 520]
[6, 521]
[106, 521]
[205, 521]
[322, 521]
[422, 521]
[521, 521]
[639, 521]
[739, 521]
[838, 521]
[940, 521]
[6, 522]
[106, 522]
[205, 522]
[322, 522]
[422, 522]
[521, 522]
[639, 522]
[739, 522]
[838, 522]
[940, 522]
[6, 523]
[106, 523]
[205, 523]
[322, 523]
[422, 523]
[521, 523]
[639, 523]
[739, 523]
[838, 523]
[940, 523]
[6, 524]
[106, 524]
[205, 524]
[322, 524]
[422, 524]
[521, 524]
[639, 524]
[739, 524]
[838, 524]
[940, 524]
[6, 525]
[106, 525]
[205, 525]
[322, 525]
[422, 525]
[521, 525]
[639, 525]
[739, 525]
[838, 525]
[940, 525]
[6, 526]
[106, 526]
[205, 526]
[322, 526]
[422, 526]
[521, 526]
[639, 526]
[739, 526]
[838, 526]
[940, 526]
[6, 527]
[106, 527]
[205, 527]
[322, 527]
[422, 527]
[521, 527]
[639, 527]
[739, 527]
[838, 527]
[940, 527]
[6, 528]
[106, 528]
[205, 528]
[322, 528]
[422, 528]
[521, 528]
[639, 528]
[739, 528]
[838, 528]
[940, 528]
[6, 529]
[106, 529]
[205, 529]
[322, 529]
[422, 529]
[521, 529]
[639, 529]
[739, 529]
[838, 529]
[940, 529]
[6, 530]
[106, 530]
[205, 530]
[322, 530]
[422, 530]
[521, 530]
[639, 530]
[739, 530]
[838, 530]
[940, 530]
[6, 531]
[106, 531]
[205, 531]
[322, 531]
[422, 531]
[521, 531]
[639, 531]
[739, 531]
[838, 531]
[940, 531]
[6, 532]
[106, 532]
[205, 532]
[322, 532]
[422, 532]
[521, 532]
[639, 532]
[739, 532]
[838, 532]
[940, 532]
[6, 533]
[106, 533]
[205, 533]
[322, 533]
[422, 533]
[521, 533]
[639, 533]
[739, 533]
[838, 533]
[940, 533]
[6, 534]
[106, 534]
[205, 534]
[322, 534]
[422, 534]
[521, 534]
[639, 534]
[739, 534]
[838, 534]
[940, 534]
[6, 535]
[106, 535]
[205, 535]
[322, 535]
[422, 535]
[521, 535]
[639, 535]
[739, 535]
[838, 535]
[940, 535]
[6, 536]
[106, 536]
[205, 536]
[322, 536]
[422, 536]
[521, 536]
[639, 536]
[739, 536]
[838, 536]
[940, 536]
[6, 537]
[106, 537]
[205, 537]
[322, 537]
[422, 537]
[521, 537]
[639, 537]
[739, 537]
[838, 537]
[940, 537]
[6, 538]
[106, 538]
[205, 538]
[322, 538]
[422, 538]
[521, 538]
[639, 538]
[739, 538]
[838, 538]
[940, 538]
[6, 539]
[106, 539]
[205, 539]
[322, 539]
[422, 539]
[521, 539]
[639, 539]
[739, 539]
[838, 539]
[940, 539]
[6, 540]
[106, 540]
[205, 540]
[322, 540]
[422, 540]
[521, 540]
[639, 540]
[739, 540]
[838, 540]
[940, 540]
[6, 541]
[106, 541]
[205, 541]
[322, 541]
[422, 541]
[521, 541]
[639, 541]
[739, 541]
[838, 541]
[940, 541]
[6, 542]
[106, 542]
[205, 542]
[322, 542]
[422, 542]
[521, 542]
[639, 542]
[739, 542]
[838, 542]
[940, 542]
[6, 543]
[106, 543]
[205, 543]
[322, 543]
[422, 543]
[521, 543]
[639, 543]
[739, 543]
[838, 543]
[940, 543]
[6, 544]
[106, 544]
[205, 544]
[322, 544]
[422, 544]
[521, 544]
[639, 544]
[739, 544]
[838, 544]
[940, 544]
[6, 545]
[106, 545]
[205, 545]
[322, 545]
[422, 545]
[521, 545]
[639, 545]
[739, 545]
[838, 545]
[940, 545]
[6, 546]
[106, 546]
[205, 546]
[322, 546]
[422, 546]
[521, 546]
[639, 546]
[739, 546]
[838, 546]
[940, 546]
[6, 547]
[106, 547]
[205, 547]
[322, 547]
[422, 547]
[521, 547]
[639, 547]
[739, 547]
[838, 547]
[940, 547]
[6, 548]
[106, 548]
[205, 548]
[322, 548]
[422, 548]
[521, 548]
[639, 548]
[739, 548]
[838, 548]
[940, 548]
[6, 549]
[106, 549]
[205, 549]
[322, 549]
[422, 549]
[521, 549]
[639, 549]
[739, 549]
[838, 549]
[940, 549]
[6, 550]
[106, 550]
[205, 550]
[322, 550]
[422, 550]
[521, 550]
[639, 550]
[739, 550]
[838, 550]
[940, 550]
[6, 551]
[106, 551]
[205, 551]
[322, 551]
[422, 551]
[521, 551]
[639, 551]
[739, 551]
[838, 551]
[940, 551]
[6, 552]
[106, 552]
[205, 552]
[322, 552]
[422, 552]
[521, 552]
[639, 552]
[739, 552]
[838, 552]
[940, 552]
[6, 553]
[106, 553]
[205, 553]
[322, 553]
[422, 553]
[521, 553]
[639, 553]
[739, 553]
[838, 553]
[940, 553]
[6, 554]
[106, 554]
[205, 554]
[322, 554]
[422, 554]
[521, 554]
[639, 554]
[739, 554]
[838, 554]
[940, 554]
[6, 555]
[106, 555]
[205, 555]
[322, 555]
[422, 555]
[521, 555]
[639, 555]
[739, 555]
[838, 555]
[940, 555]
[6, 556]
[106, 556]
[205, 556]
[322, 556]
[422, 556]
[521, 556]
[639, 556]
[739, 556]
[838, 556]
[940, 556]
[6, 557]
[106, 557]
[205, 557]
[322, 557]
[422, 557]
[545, 557]
[639, 557]
[739, 557]
[838, 557]
[940, 557]
[6, 558]
[106, 558]
[205, 558]
[322, 558]
[422, 558]
[521, 558]
[639, 558]
[739, 558]
[838, 558]
[940, 558]
[6, 559]
[106, 559]
[205, 559]
[322, 559]
[422, 559]
[521, 559]
[639, 559]
[739, 559]
[838, 559]
[940, 559]
[6, 560]
[106, 560]
[205, 560]
[322, 560]
[422, 560]
[521, 560]
[639, 560]
[739, 560]
[838, 560]
[940, 560]
[6, 561]
[106, 561]
[205, 561]
[322, 561]
[422, 561]
[521, 561]
[639, 561]
[739, 561]
[838, 561]
[940, 561]
[6, 562]
[106, 562]
[205, 562]
[322, 562]
[422, 562]
[521, 562]
[639, 562]
[739, 562]
[838, 562]
[940, 562]
[940, 563]
[940, 564]
[940, 565]
[940, 566]
[6, 567]
[106, 567]
[205, 567]
[322, 567]
[422, 567]
[521, 567]
[639, 567]
[739, 567]
[838, 567]
[940, 567]
[6, 568]
[106, 568]
[205, 568]
[322, 568]
[422, 568]
[521, 568]
[639, 568]
[739, 568]
[838, 568]
[940, 568]
[6, 569]
[106, 569]
[205, 569]
[322, 569]
[422, 569]
[521, 569]
[639, 569]
[739, 569]
[838, 569]
[940, 569]
[6, 570]
[106, 570]
[205, 570]
[322, 570]
[422, 570]
[521, 570]
[639, 570]
[739, 570]
[838, 570]
[940, 570]
[6, 571]
[106, 571]
[205, 571]
[322, 571]
[422, 571]
[521, 571]
[639, 571]
[739, 571]
[838, 571]
[940, 571]
[6, 572]
[106, 572]
[205, 572]
[322, 572]
[422, 572]
[521, 572]
[639, 572]
[739, 572]
[838, 572]
[940, 572]
[6, 573]
[106, 573]
[205, 573]
[322, 573]
[422, 573]
[521, 573]
[639, 573]
[739, 573]
[838, 573]
[940, 573]
[6, 574]
[106, 574]
[205, 574]
[322, 574]
[422, 574]
[521, 574]
[639, 574]
[739, 574]
[838, 574]
[940, 574]
[6, 575]
[106, 575]
[205, 575]
[322, 575]
[422, 575]
[521, 575]
[639, 575]
[739, 575]
[838, 575]
[940, 575]
[6, 576]
[106, 576]
[205, 576]
[322, 576]
[422, 576]
[521, 576]
[639, 576]
[739, 576]
[838, 576]
[940, 576]
[6, 577]
[106, 577]
[205, 577]
[322, 577]
[422, 577]
[521, 577]
[639, 577]
[739, 577]
[838, 577]
[940, 577]
[6, 578]
[106, 578]
[205, 578]
[322, 578]
[422, 578]
[521, 578]
[639, 578]
[739, 578]
[838, 578]
[940, 578]
[6, 579]
[106, 579]
[205, 579]
[322, 579]
[422, 579]
[521, 579]
[639, 579]
[739, 579]
[838, 579]
[940, 579]
[6, 580]
[106, 580]
[205, 580]
[322, 580]
[422, 580]
[521, 580]
[639, 580]
[739, 580]
[838, 580]
[940, 580]
[6, 581]
[106, 581]
[205, 581]
[322, 581]
[422, 581]
[521, 581]
[639, 581]
[739, 581]
[838, 581]
[940, 581]
[6, 582]
[106, 582]
[205, 582]
[322, 582]
[422, 582]
[521, 582]
[639, 582]
[739, 582]
[838, 582]
[940, 582]
[6, 583]
[106, 583]
[205, 583]
[322, 583]
[422, 583]
[521, 583]
[639, 583]
[739, 583]
[838, 583]
[940, 583]
[6, 584]
[106, 584]
[205, 584]
[322, 584]
[422, 584]
[521, 584]
[639, 584]
[739, 584]
[838, 584]
[940, 584]
[6, 585]
[106, 585]
[205, 585]
[322, 585]
[422, 585]
[521, 585]
[639, 585]
[739, 585]
[838, 585]
[940, 585]
[6, 586]
[106, 586]
[205, 586]
[322, 586]
[422, 586]
[521, 586]
[639, 586]
[739, 586]
[838, 586]
[940, 586]
[6, 587]
[106, 587]
[205, 587]
[322, 587]
[422, 587]
[521, 587]
[639, 587]
[739, 587]
[838, 587]
[940, 587]
[6, 588]
[106, 588]
[205, 588]
[322, 588]
[422, 588]
[521, 588]
[639, 588]
[739, 588]
[838, 588]
[940, 588]
[6, 589]
[106, 589]
[205, 589]
[322, 589]
[422, 589]
[521, 589]
[639, 589]
[739, 589]
[838, 589]
[940, 589]
[6, 590]
[106, 590]
[205, 590]
[322, 590]
[422, 590]
[521, 590]
[639, 590]
[739, 590]
[838, 590]
[940, 590]
[6, 591]
[106, 591]
[205, 591]
[322, 591]
[422, 591]
[521, 591]
[639, 591]
[739, 591]
[838, 591]
[940, 591]
[6, 592]
[106, 592]
[205, 592]
[322, 592]
[422, 592]
[521, 592]
[639, 592]
[739, 592]
[838, 592]
[940, 592]
[6, 593]
[106, 593]
[205, 593]
[322, 593]
[422, 593]
[521, 593]
[639, 593]
[739, 593]
[838, 593]
[940, 593]
[6, 594]
[106, 594]
[205, 594]
[322, 594]
[422, 594]
[521, 594]
[639, 594]
[739, 594]
[838, 594]
[940, 594]
[6, 595]
[106, 595]
[205, 595]
[322, 595]
[422, 595]
[521, 595]
[639, 595]
[739, 595]
[838, 595]
[940, 595]
[6, 596]
[106, 596]
[205, 596]
[322, 596]
[422, 596]
[521, 596]
[639, 596]
[739, 596]
[838, 596]
[940, 596]
[6, 597]
[106, 597]
[205, 597]
[322, 597]
[422, 597]
[521, 597]
[639, 597]
[739, 597]
[838, 597]
[940, 597]
[6, 598]
[106, 598]
[205, 598]
[322, 598]
[422, 598]
[521, 598]
[639, 598]
[739, 598]
[838, 598]
[940, 598]
[6, 599]
[106, 599]
[205, 599]
[322, 599]
[422, 599]
[521, 599]
[639, 599]
[739, 599]
[838, 599]
[940, 599]
[6, 600]
[106, 600]
[205, 600]
[322, 600]
[422, 600]
[521, 600]
[639, 600]
[739, 600]
[838, 600]
[940, 600]
[6, 601]
[106, 601]
[205, 601]
[322, 601]
[422, 601]
[521, 601]
[639, 601]
[739, 601]
[838, 601]
[940, 601]
[6, 602]
[106, 602]
[205, 602]
[322, 602]
[422, 602]
[521, 602]
[639, 602]
[739, 602]
[838, 602]
[940, 602]
[6, 603]
[106, 603]
[205, 603]
[322, 603]
[422, 603]
[521, 603]
[639, 603]
[739, 603]
[838, 603]
[940, 603]
[6, 604]
[106, 604]
[205, 604]
[322, 604]
[422, 604]
[521, 604]
[639, 604]
[739, 604]
[838, 604]
[940, 604]
[6, 605]
[106, 605]
[205, 605]
[322, 605]
[422, 605]
[521, 605]
[639, 605]
[739, 605]
[838, 605]
[940, 605]
[6, 606]
[106, 606]
[205, 606]
[322, 606]
[422, 606]
[521, 606]
[639, 606]
[739, 606]
[838, 606]
[940, 606]
[6, 607]
[106, 607]
[205, 607]
[322, 607]
[422, 607]
[521, 607]
[639, 607]
[739, 607]
[838, 607]
[940, 607]
[6, 608]
[106, 608]
[205, 608]
[322, 608]
[422, 608]
[521, 608]
[639, 608]
[739, 608]
[838, 608]
[940, 608]
[6, 609]
[106, 609]
[205, 609]
[322, 609]
[422, 609]
[521, 609]
[639, 609]
[739, 609]
[838, 609]
[940, 609]
[6, 610]
[106, 610]
[205, 610]
[322, 610]
[422, 610]
[521, 610]
[639, 610]
[739, 610]
[838, 610]
[940, 610]
[6, 611]
[106, 611]
[205, 611]
[322, 611]
[422, 611]
[521, 611]
[639, 611]
[739, 611]
[838, 611]
[940, 611]
[6, 612]
[106, 612]
[205, 612]
[322, 612]
[422, 612]
[521, 612]
[639, 612]
[739, 612]
[838, 612]
[940, 612]
[6, 613]
[106, 613]
[205, 613]
[322, 613]
[422, 613]
[521, 613]
[639, 613]
[739, 613]
[838, 613]
[940, 613]
[6, 614]
[106, 614]
[205, 614]
[322, 614]
[422, 614]
[521, 614]
[639, 614]
[739, 614]
[838, 614]
[940, 614]
[6, 615]
[106, 615]
[205, 615]
[322, 615]
[422, 615]
[521, 615]
[639, 615]
[739, 615]
[838, 615]
[940, 615]
[6, 616]
[106, 616]
[205, 616]
[322, 616]
[422, 616]
[521, 616]
[639, 616]
[739, 616]
[838, 616]
[940, 616]
[6, 617]
[106, 617]
[205, 617]
[322, 617]
[422, 617]
[521, 617]
[639, 617]
[739, 617]
[838, 617]
[940, 617]
[6, 618]
[106, 618]
[205, 618]
[322, 618]
[422, 618]
[521, 618]
[639, 618]
[739, 618]
[838, 618]
[940, 618]
[6, 619]
[106, 619]
[205, 619]
[322, 619]
[422, 619]
[521, 619]
[639, 619]
[739, 619]
[838, 619]
[940, 619]
[6, 620]
[106, 620]
[205, 620]
[322, 620]
[422, 620]
[521, 620]
[639, 620]
[739, 620]
[838, 620]
[940, 620]
[6, 621]
[106, 621]
[205, 621]
[322, 621]
[422, 621]
[521, 621]
[639, 621]
[739, 621]
[838, 621]
[940, 621]
[6, 622]
[106, 622]
[205, 622]
[322, 622]
[422, 622]
[521, 622]
[639, 622]
[739, 622]
[838, 622]
[940, 622]
[6, 623]
[106, 623]
[205, 623]
[322, 623]
[422, 623]
[521, 623]
[639, 623]
[739, 623]
[838, 623]
[940, 623]
[6, 624]
[106, 624]
[205, 624]
[322, 624]
[422, 624]
[521, 624]
[639, 624]
[739, 624]
[838, 624]
[940, 624]
[6, 625]
[106, 625]
[322, 625]
[422, 625]
[521, 625]
[639, 625]
[739, 625]
[838, 625]
[940, 625]
[6, 626]
[106, 626]
[205, 626]
[322, 626]
[422, 626]
[521, 626]
[639, 626]
[739, 626]
[838, 626]
[940, 626]
[6, 627]
[106, 627]
[205, 627]
[322, 627]
[422, 627]
[521, 627]
[639, 627]
[739, 627]
[838, 627]
[940, 627]
[6, 628]
[106, 628]
[205, 628]
[322, 628]
[422, 628]
[521, 628]
[639, 628]
[739, 628]
[838, 628]
[940, 628]
[940, 629]
[940, 630]
[940, 631]
[940, 632]
[940, 633]
[940, 634]
[940, 635]
